	# Data1   	  Data2    	  Data3    	  Data4    	  Data5
 3117.87 	  2443.37 	  2206.18 	  3124.33 	  2304.34 	
 2397.86 	  1357.74 	  4411.58 	  1732.08 	  2566.72 	
 2683.22 	  3313.30 	  2028.43 	  3169.61 	  1712.73 	
 2482.38 	   967.76 	  2344.31 	  1866.61 	  2190.04 	
 1858.32 	  4853.08 	  2613.15 	  2865.24 	  2566.93 	
 3164.53 	  1629.26 	  2708.08 	  5145.70 	  1688.71 	
 3460.76 	  1926.18 	  3502.94 	  2005.49 	  1733.66 	
 5083.82 	  2113.79 	  2107.65 	  2734.22 	  3246.92 	
 5119.68 	  3043.64 	  3352.45 	  1357.74 	  4840.30 	
 2585.40 	  2698.21 	  2421.43 	  2482.38 	  5354.56 	
 3302.16 	  1729.99 	  2676.83 	  2453.73 	  1777.78 	
 1508.42 	  2394.01 	  1971.63 	  3235.55 	  2635.58 	
 2702.42 	  3332.26 	  3439.75 	  1663.17 	  2926.50 	
 2923.36 	  4744.83 	  2984.42 	  1947.33 	  6313.32 	
  459.95 	  4001.64 	  2468.10 	  2869.18 	  1769.12 	
 1793.45 	  2929.00 	  2497.15 	  4615.60 	  3251.55 	
 3216.01 	  3606.82 	  2572.59 	  4040.19 	  2757.56 	
 1473.29 	  5313.89 	   796.44 	  1273.37 	  3862.16 	
 1757.37 	  3190.28 	  6215.77 	  2297.61 	  2544.49 	
 2798.66 	  2287.31 	  2280.27 	  2047.57 	  3114.58 	
 2600.27 	  3053.87 	  4754.18 	  3533.35 	  1969.05 	
 1853.02 	  1668.56 	   829.26 	  2989.36 	  4709.60 	
 2092.18 	  2758.79 	  2689.53 	  3297.19 	  3687.48 	
 2660.06 	  2357.87 	  2247.15 	  3651.47 	  6036.53 	
 2462.31 	  4233.42 	  2906.94 	  1182.65 	  3440.78 	
 1217.33 	  1987.89 	  2415.84 	  2700.20 	  3120.68 	
 1891.34 	  2189.03 	  2111.84 	  2379.14 	  2058.78 	
 2692.32 	  2876.03 	  1884.33 	  1355.62 	  2353.35 	
 2527.26 	  1892.29 	  1652.65 	  1815.75 	  1676.10 	
 3537.18 	  1809.99 	  2460.72 	  4806.65 	  1864.48 	
 2091.17 	  1681.30 	  2556.67 	  2081.26 	  1915.27 	
 2194.28 	  2955.35 	  2268.88 	  1515.80 	  2501.83 	
 1983.97 	  2291.29 	  1878.35 	  2396.37 	  1636.98 	
 3009.70 	  2033.67 	  2590.56 	  1494.02 	  2030.95 	
 2571.57 	  2355.01 	  1467.11 	  2838.74 	  2449.17 	
 4317.92 	  2453.70 	  1465.80 	  1911.61 	  1602.00 	
 2829.19 	  3451.45 	  2558.26 	  2682.91 	  1863.57 	
 3791.18 	  1830.88 	  4251.84 	  1324.03 	  2119.71 	
 2005.91 	  1177.03 	  3705.54 	  2433.61 	  2319.17 	
 3046.97 	  1997.58 	  2042.75 	  3526.42 	  3437.60 	
 2024.25 	  2233.41 	  5882.18 	  2638.62 	  1881.26 	
 1149.69 	  1806.68 	  3428.50 	  2555.73 	  4284.81 	
 2300.32 	  3308.06 	   975.36 	  2536.16 	  1863.04 	
 1131.86 	  5356.60 	  3019.93 	  1192.32 	  3396.30 	
 1356.81 	  3692.94 	   794.87 	  2393.41 	  1809.62 	
 1062.67 	  2035.70 	  3864.17 	  3252.34 	  1678.81 	
 1722.39 	  3050.40 	  1422.40 	  3159.65 	  2683.58 	
 1895.64 	  1681.37 	  1082.88 	  1241.76 	  2474.16 	
 4982.70 	  1860.91 	  3424.88 	  1541.53 	  2840.95 	
 2368.19 	  2608.87 	  1013.60 	  1791.83 	  2423.82 	
 2594.99 	  2147.13 	  1666.02 	  3643.92 	  3223.76 	
 4284.19 	  2142.12 	  4060.94 	  2621.39 	  2473.00 	
 2807.40 	  4049.17 	  3142.18 	  3039.43 	  6435.99 	
 3080.53 	  3052.47 	  3564.79 	  2532.51 	  5004.93 	
 2629.38 	  2461.21 	  1861.48 	  2669.95 	  2888.86 	
 1092.54 	  3421.74 	  2442.65 	  2624.37 	  2686.24 	
 3480.28 	  4366.91 	  3602.58 	  6523.14 	  1681.23 	
 2999.60 	  2132.47 	  2134.10 	  2818.07 	  2980.12 	
 4041.08 	  1530.48 	  2334.57 	  1013.65 	  1971.37 	
 2848.89 	  3290.24 	  2056.23 	  1484.40 	  2531.54 	
 2945.47 	  2174.53 	  1011.11 	  2719.30 	  2246.39 	
 2373.46 	  1260.43 	  3439.87 	  4461.68 	  2792.14 	
 2250.20 	  3236.96 	  2764.55 	  2984.03 	  2762.13 	
 3405.62 	  2137.58 	  1587.30 	  2632.61 	  3459.07 	
 2027.37 	  1938.29 	  2065.86 	  3340.92 	  5008.62 	
 2787.26 	  2067.73 	  4819.20 	  2714.42 	  2173.99 	
 1478.59 	  1152.35 	  4899.45 	  1576.89 	  2354.98 	
 4096.61 	  1662.00 	  2175.92 	  2530.99 	  1801.62 	
 3041.65 	  2838.92 	  2843.09 	  1954.31 	  2672.36 	
 4089.33 	  3072.70 	  2142.98 	  1883.95 	  2096.91 	
 2255.89 	  1980.25 	  1613.79 	  2964.59 	  1854.04 	
 2475.18 	  3691.39 	  2361.53 	  2780.04 	  1662.96 	
 2602.65 	  2156.23 	  2632.13 	  3042.61 	  2412.13 	
 2468.71 	  2108.60 	  2132.16 	  1890.82 	  3146.18 	
 2188.55 	  3279.90 	  2259.25 	  3136.39 	  1685.92 	
 2168.31 	  1941.35 	  1575.04 	  4283.59 	  1915.07 	
 4018.02 	  7076.01 	  1371.45 	  2958.18 	  1848.70 	
 3891.40 	  2632.73 	  1954.73 	  1534.48 	  2084.61 	
 1148.88 	  1560.35 	  2769.30 	  1913.78 	  2280.48 	
 1791.80 	  1298.97 	  1753.31 	  1996.77 	  2080.88 	
 4432.00 	  1977.85 	  3504.91 	  1036.10 	  3147.07 	
 2003.31 	  1378.91 	  1266.18 	   633.27 	  1631.96 	
 3561.29 	  1596.68 	  3016.18 	  1987.21 	  2543.66 	
 2483.32 	  1671.85 	  2718.07 	  3531.04 	  1880.60 	
 1786.75 	  4316.04 	   887.83 	  3828.13 	  1943.48 	
 2204.82 	  2113.45 	  3691.77 	  3030.37 	  2897.11 	
 3293.01 	  1260.25 	  2353.15 	  2051.86 	  2574.22 	
 2918.12 	  2256.34 	  1629.00 	  1387.92 	  1772.47 	
 2612.48 	  4885.60 	  1437.68 	  1119.19 	  1670.27 	
 4597.27 	  1753.09 	  3930.80 	  1753.26 	  2038.22 	
 4167.87 	  1927.61 	  3013.30 	  3186.18 	  1511.92 	
 2341.31 	  1911.13 	  2785.01 	  1404.65 	  3015.67 	
 3181.05 	  1906.62 	  1405.80 	  1366.86 	  1660.59 	
  454.00 	  1961.96 	  2426.52 	  1955.06 	  1806.77 	
  670.16 	  2666.69 	  1595.50 	  4867.89 	  1946.99 	
 2196.39 	  1829.00 	  2664.82 	  3239.09 	  3883.66 	
 1916.21 	  2677.09 	  2123.87 	  2133.24 	  2699.35 	
 2850.28 	  2508.06 	  1876.38 	  1882.89 	  2714.76 	
 2800.34 	  1981.98 	   636.47 	  4178.37 	  2344.16 	
 3254.70 	  3831.58 	  1829.44 	  1912.40 	  2987.78 	
